Size	Latency (ns)	np

1	4473029	2

2	2015165	2

4	2014557	2

8	2010307	2

16	1998231	2

32	2009138	2

64	1986408	2

128	2023329	2

256	1995327	2

512	1990872	2

1024	1990262	2

2048	2016873	2

4096	1998074	2

8192	2014350	2

16384	1999043	2

32768	2007039	2

65536	1986459	2

131072	2030396	2

262144	2004425	2

524288	2018235	2

1048576	2014631	2

1	1002672	3

2	1030833	3

4	1008894	3

8	1052777	3

16	1018833	3

32	1025377	3

64	1039067	3

128	1022106	3

256	1028364	3

512	1035643	3

1024	1001437	3

2048	1050868	3

4096	1051484	3

8192	1048144	3

16384	1018993	3

32768	1011439	3

65536	1010050	3

131072	1028093	3

262144	1020492	3

524288	1034495	3

1048576	1050359	3

1	1022587	4

2	1054885	4

4	1037311	4

8	1032884	4

16	1056538	4

32	1051231	4

64	1048241	4

128	1075611	4

256	1064621	4

512	1063250	4

1024	1065981	4

2048	1058362	4

4096	1051920	4

8192	1072282	4

16384	1070737	4

32768	1053659	4

65536	1034730	4

131072	1074123	4

262144	1034950	4

524288	1039175	4

1048576	1071511	4

1	1052997	5

2	1036627	5

4	1045518	5

8	1054554	5

16	1057225	5

32	1048386	5

64	1115465	5

128	1033816	5

256	1058394	5

512	1042433	5

1024	1037301	5

2048	1052926	5

4096	1047931	5

8192	1030181	5

16384	1101507	5

32768	1042179	5

65536	1057172	5

131072	1037785	5

262144	1053206	5

524288	1052856	5

1048576	1070905	5

1	1071987	6

2	1034049	6

4	1081541	6

8	1074183	6

16	1059707	6

32	1071774	6

64	1096737	6

128	1066002	6

256	1056942	6

512	1059994	6

1024	1063511	6

2048	1055288	6

4096	1077720	6

8192	1049483	6

16384	1054632	6

32768	1062807	6

65536	1129063	6

131072	1067965	6

262144	1059346	6

524288	1073256	6

1048576	1071341	6

1	1097734	7

2	1093294	7

4	1129849	7

8	1102658	7

16	1102821	7

32	1106465	7

64	1103192	7

128	1102380	7

256	1069626	7

512	1072968	7

1024	1083629	7

2048	1089015	7

4096	1119475	7

8192	1065993	7

16384	1109955	7

32768	1102494	7

65536	1087117	7

131072	1103932	7

262144	1082655	7

524288	1087425	7

1048576	1076631	7

1	1129340	8

2	1087405	8

4	1115225	8

8	1116584	8

16	1097635	8

32	1112377	8

64	1120865	8

128	1099666	8

256	1141116	8

512	1114244	8

1024	1125111	8

2048	1117638	8

4096	1110700	8

8192	1130078	8

16384	1121171	8

32768	1124619	8

65536	1110398	8

131072	1133637	8

262144	1092913	8

524288	1112880	8

1048576	1133390	8

1	1160212	9

2	1181263	9

4	1141954	9

8	1144657	9

16	1130818	9

32	1136154	9

64	1148194	9

128	1150227	9

256	1140416	9

512	1125999	9

1024	1142847	9

2048	1126037	9

4096	1138122	9

8192	1145856	9

16384	1141458	9

32768	1126079	9

65536	1158262	9

131072	1165779	9

262144	1169128	9

524288	1150743	9

1048576	1142850	9

1	1172311	10

2	1165567	10

4	1168819	10

8	1149075	10

16	1158709	10

32	1161335	10

64	1189131	10

128	1150010	10

256	1175147	10

512	1170586	10

1024	1165697	10

2048	1146561	10

4096	1156236	10

8192	1176102	10

16384	1133173	10

32768	1196447	10

65536	1185615	10

131072	1169102	10

262144	1186696	10

524288	1163965	10

1048576	1175396	10

1	1193510	11

2	1182981	11

4	1188209	11

8	1183896	11

16	1192140	11

32	1177682	11

64	1183993	11

128	1171907	11

256	1185945	11

512	1199809	11

1024	1197407	11

2048	1187654	11

4096	1187725	11

8192	1183545	11

16384	1182760	11

32768	1193608	11

65536	1204785	11

131072	1191453	11

262144	1196378	11

524288	1191329	11

1048576	1202770	11

1	1222828	12

2	1230061	12

4	1196689	12

8	1210214	12

16	1208281	12

32	1222366	12

64	1261862	12

128	1233036	12

256	1220562	12

512	1202309	12

1024	1260676	12

2048	1220774	12

4096	1204777	12

8192	1255324	12

16384	1203156	12

32768	1198891	12

65536	1203711	12

131072	1212444	12

262144	1206016	12

524288	1217180	12

1048576	1204283	12

1	1265151	13

2	1260013	13

4	1239317	13

8	1345809	13

16	1253660	13

32	1269784	13

64	1256236	13

128	1231636	13

256	1235068	13

512	1248896	13

1024	1242786	13

2048	1270062	13

4096	1238946	13

8192	1252802	13

16384	1234162	13

32768	1247414	13

65536	1239050	13

131072	1261870	13

262144	1252550	13

524288	1271933	13

1048576	1238622	13

1	1281892	14

2	1278433	14

4	1256012	14

8	1251064	14

16	1251358	14

32	1279418	14

64	1275509	14

128	1238058	14

256	1270743	14

512	1267340	14

1024	1274485	14

2048	1250676	14

4096	1287024	14

8192	1273963	14

16384	1254869	14

32768	1262310	14

65536	1262603	14

131072	1283396	14

262144	1264117	14

524288	1257880	14

1048576	1242824	14

1	1284551	15

2	1282355	15

4	1300350	15

8	1280505	15

16	1278739	15

32	1273256	15

64	1285555	15

128	1277258	15

256	1283029	15

512	1312100	15

1024	1320900	15

2048	1287140	15

4096	1293152	15

8192	1293053	15

16384	1285333	15

32768	1300124	15

65536	1283549	15

131072	1287707	15

262144	1319378	15

524288	1289638	15

1048576	1297263	15

1	1324000	16

2	1328365	16

4	1331022	16

8	1320283	16

16	1306375	16

32	1342598	16

64	1314697	16

128	1306325	16

256	1322425	16

512	1304103	16

1024	1322693	16

2048	1335746	16

4096	1340543	16

8192	1331992	16

16384	1301293	16

32768	1306132	16

65536	1402587	16

131072	1296668	16

262144	1311385	16

524288	1301930	16

1048576	1277378	16

1	1358683	17

2	1365593	17

4	1334834	17

8	1335212	17

16	1336173	17

32	1339459	17

64	1526511	17

128	1356662	17

256	1344925	17

512	1334327	17

1024	1337971	17

2048	1331869	17

4096	1359923	17

8192	1361676	17

16384	1386353	17

32768	1347839	17

65536	1352053	17

131072	1354427	17

262144	1355160	17

524288	1314004	17

1048576	1323756	17

1	1385082	18

2	1380606	18

4	1370610	18

8	1378974	18

16	1361798	18

32	1366430	18

64	1372923	18

128	1371884	18

256	1381770	18

512	1370386	18

1024	1369317	18

2048	1364415	18

4096	1377180	18

8192	1409658	18

16384	1398281	18

32768	1362468	18

65536	1358229	18

131072	1377014	18

262144	1363542	18

524288	1492932	18

1048576	1333149	18

1	1389546	19

2	1419826	19

4	1387265	19

8	1395366	19

16	1403140	19

32	1410733	19

64	1406968	19

128	1405975	19

256	1515425	19

512	1402465	19

1024	1403431	19

2048	1404302	19

4096	1415895	19

8192	1395656	19

16384	1383161	19

32768	1389402	19

65536	1382152	19

131072	1428251	19

262144	1386261	19

524288	1386102	19

1048576	1380536	19

1	1443248	20

2	1438834	20

4	1432654	20

8	1454286	20

16	1414074	20

32	1422690	20

64	1427951	20

128	1423451	20

256	1432919	20

512	1416925	20

1024	1446198	20

2048	1424752	20

4096	1452394	20

8192	1440648	20

16384	1410283	20

32768	1409717	20

65536	1416797	20

131072	1418372	20

262144	1412091	20

524288	1612422	20

1048576	1359310	20

1	1506333	21

2	1434493	21

4	1461041	21

8	1453748	21

16	1457945	21

32	1452198	21

64	1447090	21

128	1456511	21

256	1443086	21

512	1449830	21

1024	1474024	21

2048	1449384	21

4096	1455728	21

8192	1459961	21

16384	1449935	21

32768	1463366	21

65536	1454755	21

131072	1520111	21

262144	1465870	21

524288	1436822	21

1048576	1423818	21

1	1519604	22

2	1464823	22

4	1483689	22

8	1454083	22

16	1493818	22

32	1473622	22

64	1486674	22

128	1699793	22

256	1466320	22

512	1477953	22

1024	1474434	22

2048	1480669	22

4096	1485316	22

8192	1458140	22

16384	1485754	22

32768	1474289	22

65536	1472428	22

131072	1480584	22

262144	1476730	22

524288	1471901	22

1048576	1445235	22

1	1562596	23

2	1504696	23

4	1520556	23

8	1489317	23

16	1503353	23

32	1521304	23

64	1513642	23

128	1524226	23

256	1491870	23

512	1516361	23

1024	1504359	23

2048	1514246	23

4096	1490645	23

8192	1498263	23

16384	1536882	23

32768	1491515	23

65536	1516308	23

131072	1515280	23

262144	1513121	23

524288	1496986	23

1048576	1448493	23

1	1595247	24

2	1509539	24

4	1535208	24

8	1534322	24

16	1554995	24

32	1541499	24

64	1525742	24

128	1531180	24

256	1535397	24

512	1543193	24

1024	1515691	24

2048	1547130	24

4096	1530368	24

8192	1537487	24

16384	1548818	24

32768	1531835	24

65536	1536710	24

131072	1522916	24

262144	1541692	24

524288	1486735	24

1048576	1479339	24

