Size	Latency (ns)	np

1	2882496	2

2	2540239	2

4	2603822	2

8	2597955	2

16	2578711	2

32	2567770	2

64	2625151	2

128	2564797	2

256	2577144	2

512	2536484	2

1024	2602263	2

2048	2588486	2

4096	2626595	2

8192	2625133	2

16384	2574191	2

32768	2658702	2

65536	2522942	2

131072	2535735	2

262144	2572398	2

524288	2685248	2

1048576	2571767	2

1	1734942	3

2	1656618	3

4	1776252	3

8	1719488	3

16	1784219	3

32	1703621	3

64	1779738	3

128	1745210	3

256	1725616	3

512	1806280	3

1024	1756107	3

2048	1719419	3

4096	1829400	3

8192	1678348	3

16384	1816165	3

32768	1734971	3

65536	1731217	3

131072	1757431	3

262144	1847954	3

524288	1777067	3

1048576	1725755	3

1	1635263	4

2	1658366	4

4	1816057	4

8	1668395	4

16	1710268	4

32	1758756	4

64	1816717	4

128	1695924	4

256	1664182	4

512	1810501	4

1024	1750205	4

2048	1735881	4

4096	1617820	4

8192	1688027	4

16384	1674937	4

32768	1723155	4

65536	1800090	4

131072	1752962	4

262144	1791722	4

524288	1815663	4

1048576	1732590	4

1	1618087	5

2	1742401	5

4	1702392	5

8	1698369	5

16	1678189	5

32	1629686	5

64	1784767	5

128	1781799	5

256	1719963	5

512	1704590	5

1024	1645868	5

2048	1752599	5

4096	1731713	5

8192	1712660	5

16384	1689377	5

32768	1690315	5

65536	1772461	5

131072	1763177	5

262144	1820117	5

524288	1732308	5

1048576	1874557	5

1	1693353	6

2	1825808	6

4	1710556	6

8	1749736	6

16	1753255	6

32	1616466	6

64	1867047	6

128	1558981	6

256	1732219	6

512	1668391	6

1024	1686910	6

2048	1701501	6

4096	1829207	6

8192	1705663	6

16384	1676414	6

32768	1831988	6

65536	1768476	6

131072	1749442	6

262144	1694884	6

524288	1735340	6

1048576	1690089	6

1	1713594	7

2	1797481	7

4	1777399	7

8	1708853	7

16	1733695	7

32	1887006	7

64	1768151	7

128	1781792	7

256	1630840	7

512	1847635	7

1024	1739299	7

2048	1748476	7

4096	1782476	7

8192	1681018	7

16384	1750293	7

32768	1698716	7

65536	1728917	7

131072	1823593	7

262144	1752424	7

524288	1648536	7

1048576	1768388	7

1	1715165	8

2	1750531	8

4	1739723	8

8	1683180	8

16	1769206	8

32	1759045	8

64	1664435	8

128	1898687	8

256	1709646	8

512	1737399	8

1024	1655335	8

2048	1737671	8

4096	1721837	8

8192	1800747	8

16384	1780805	8

32768	1810421	8

65536	1707230	8

131072	1658241	8

262144	1720523	8

524288	1817453	8

1048576	1678812	8

1	1932159	9

2	1766668	9

4	1665224	9

8	1727929	9

16	1764732	9

32	1769678	9

64	1819860	9

128	1808615	9

256	1749896	9

512	1759622	9

1024	1872147	9

2048	1703601	9

4096	1757486	9

8192	1838651	9

16384	1869438	9

32768	1880189	9

65536	1790501	9

131072	1733291	9

262144	1714854	9

524288	1674249	9

1048576	1845699	9

1	1843918	10

2	1784853	10

4	1775013	10

8	1831055	10

16	1884406	10

32	1784354	10

64	1751888	10

128	1663188	10

256	1863060	10

512	1739755	10

1024	1753738	10

2048	1819703	10

4096	1780999	10

8192	1809724	10

16384	1902067	10

32768	1667244	10

65536	1735049	10

131072	1764013	10

262144	1716001	10

524288	1731885	10

1048576	1781514	10

1	1719114	11

2	1801673	11

4	1778439	11

8	1906603	11

16	1561276	11

32	1716832	11

64	1940201	11

128	1794460	11

256	1912337	11

512	1861973	11

1024	1795158	11

2048	1789048	11

4096	1760262	11

8192	1873004	11

16384	1669769	11

32768	1663818	11

65536	1861800	11

131072	1848518	11

262144	1630360	11

524288	1863753	11

1048576	1893199	11

1	1537561	12

2	1800399	12

4	1698672	12

8	1586625	12

16	1715052	12

32	1601727	12

64	1554475	12

128	1609300	12

256	1779661	12

512	1704503	12

1024	1783704	12

2048	1724821	12

4096	1631144	12

8192	1703765	12

16384	1661601	12

32768	1126072	12

65536	1130641	12

131072	1139278	12

262144	1151608	12

524288	1281770	12

1048576	1191598	12

1	1171412	13

2	1143130	13

4	1154806	13

8	1165051	13

16	1233244	13

32	1210721	13

64	1186831	13

128	1202774	13

256	1219345	13

512	1249348	13

1024	1238191	13

2048	1238861	13

4096	1198595	13

8192	1248533	13

16384	1238894	13

32768	1201064	13

65536	1200354	13

131072	1210446	13

262144	1217635	13

524288	1199185	13

1048576	1249227	13

1	1176594	14

2	1221550	14

4	1196920	14

8	1211201	14

16	1241723	14

32	1216012	14

64	1181134	14

128	1187685	14

256	1265407	14

512	1217957	14

1024	1230840	14

2048	1184776	14

4096	1223726	14

8192	1208161	14

16384	1263590	14

32768	1256956	14

65536	1258835	14

131072	1207998	14

262144	1225853	14

524288	1279431	14

1048576	1246269	14

1	1286097	15

2	1210592	15

4	1279446	15

8	1193984	15

16	1256914	15

32	1254126	15

64	1332600	15

128	1256073	15

256	1292467	15

512	1236505	15

1024	1289989	15

2048	1236705	15

4096	1238456	15

8192	1234450	15

16384	1220863	15

32768	1223277	15

65536	1209607	15

131072	1249616	15

262144	1238500	15

524288	1278321	15

1048576	1291757	15

1	1287060	16

2	1214780	16

4	1252582	16

8	1241343	16

16	1327683	16

32	1273022	16

64	1283182	16

128	1276370	16

256	1240250	16

512	1317226	16

1024	1280808	16

2048	1260691	16

4096	1275424	16

8192	1251221	16

16384	1219422	16

32768	1252953	16

65536	1229360	16

131072	1289544	16

262144	1255860	16

524288	1318034	16

1048576	1250825	16

1	1279155	17

2	1274583	17

4	1271574	17

8	1297346	17

16	1232228	17

32	1284975	17

64	1228651	17

128	1252106	17

256	1340932	17

512	1284652	17

1024	1236750	17

2048	1267839	17

4096	1262177	17

8192	1275516	17

16384	1243536	17

32768	1275697	17

65536	1300034	17

131072	1291250	17

262144	1318176	17

524288	1253213	17

1048576	1273774	17

1	1327423	18

2	1253271	18

4	1336720	18

8	1279522	18

16	1285386	18

32	1285867	18

64	1298685	18

128	1268492	18

256	1265716	18

512	1240203	18

1024	1253883	18

2048	1300864	18

4096	1251452	18

8192	1285736	18

16384	1253373	18

32768	1233684	18

65536	1249184	18

131072	1318365	18

262144	1514664	18

524288	1397344	18

1048576	1516455	18

1	1488930	19

2	1413534	19

4	1432391	19

8	1440330	19

16	1589377	19

32	1487108	19

64	1541710	19

128	1573227	19

256	1534683	19

512	1495833	19

1024	1426157	19

2048	1412006	19

4096	1530556	19

8192	1553186	19

16384	1367071	19

32768	1492035	19

65536	1428887	19

131072	1536151	19

262144	1496412	19

524288	1477203	19

1048576	1497234	19

1	1423500	20

2	1449908	20

4	1467308	20

8	1412627	20

16	1454883	20

32	1450923	20

64	1469360	20

128	1445955	20

256	1455890	20

512	1394184	20

1024	1436463	20

2048	1396411	20

4096	1428741	20

8192	1523017	20

16384	1475130	20

32768	1454249	20

65536	1475569	20

131072	1375387	20

262144	1410402	20

524288	1426406	20

1048576	1457903	20

1	1519969	21

2	1426050	21

4	1460058	21

8	1458331	21

16	1448637	21

32	1494056	21

64	1493391	21

128	1565879	21

256	1541549	21

512	1417526	21

1024	1481735	21

2048	1459208	21

4096	1552229	21

8192	1457038	21

16384	1475688	21

32768	1402525	21

65536	1490835	21

131072	1429465	21

262144	1463877	21

524288	1471923	21

1048576	1498912	21

1	1541900	22

2	1424440	22

4	1422072	22

8	1558894	22

16	1472585	22

32	1458253	22

64	1428962	22

128	1474391	22

256	1440866	22

512	1485597	22

1024	1447865	22

2048	1499622	22

4096	1479687	22

8192	1481191	22

16384	1498390	22

32768	1511356	22

65536	1440215	22

131072	1560792	22

262144	1434727	22

524288	1473793	22

1048576	1551639	22

1	1477400	23

2	1578847	23

4	1474853	23

8	1479369	23

16	1504993	23

32	1530135	23

64	1535160	23

128	1551123	23

256	1572947	23

512	1439822	23

1024	1295137	23

2048	1296191	23

4096	1304851	23

8192	1269273	23

16384	1310627	23

32768	1330793	23

65536	1370918	23

131072	1326145	23

262144	1330431	23

524288	1331741	23

1048576	1375489	23

1	1300165	24

2	1340676	24

4	1321392	24

8	1303709	24

16	1372950	24

32	1334071	24

64	1339086	24

128	1293527	24

256	1328741	24

512	1371468	24

1024	1341017	24

2048	1363527	24

4096	1327192	24

8192	1331201	24

16384	1340180	24

32768	1340256	24

65536	1346320	24

131072	1330144	24

262144	1340465	24

524288	1358418	24

1048576	1334947	24

